images/Background.png
4
130 550
850 550
50  50
950 50
32
images/Block.png
-50 -50 50 800
-50 -50 1200 50
1000 -50 500 800
-50 600 1500 500
0   100 100 30
180 100 100 30
360 100 100 30
540 100 100 30
720 100 100 30
900 100 100 30
90  200 100 30
270 200 100 30
450 200 100 30
630 200 100 30
810 200 100 30
0   300 100 30
180 300 100 30
360 300 100 30
540 300 100 30
720 300 100 30
900 300 100 30
90  400 100 30
270 400 100 30
450 400 100 30
630 400 100 30
810 400 100 30
0   500 100 30
180 500 100 30
360 500 100 30
540 500 100 30
720 500 100 30
900 500 100 30
images/Die.png
